{
 "cells": [
  {
   "cell_type": "code",
   "execution_count": 18,
   "metadata": {
    "collapsed": false
   },
   "outputs": [
    {
     "data": {
      "text/plain": [
       "array([[ 0.91601036,  0.53874316,  0.5586627 ],\n",
       "       [ 0.10008792,  0.11735098,  0.67045941],\n",
       "       [ 0.38255357,  0.40876397,  0.08970003],\n",
       "       [ 0.43613111,  0.08255963,  0.7611353 ],\n",
       "       [ 0.15521143,  0.0387504 ,  0.05267705],\n",
       "       [ 0.60063718,  0.04208579,  0.63247445],\n",
       "       [ 0.65293382,  0.60177455,  0.29522739],\n",
       "       [ 0.26816122,  0.31024405,  0.26679297],\n",
       "       [ 0.85765749,  0.77974141,  0.29518313],\n",
       "       [ 0.68791262,  0.84689031,  0.05957845],\n",
       "       [ 0.07821884,  0.34377785,  0.05276095],\n",
       "       [ 0.07228537,  0.88739924,  0.99302615],\n",
       "       [ 0.06269996,  0.46132722,  0.53619575],\n",
       "       [ 0.01760579,  0.18091787,  0.90616046],\n",
       "       [ 0.87995517,  0.86492115,  0.49367793],\n",
       "       [ 0.0273386 ,  0.57658775,  0.96336691],\n",
       "       [ 0.38726069,  0.64105052,  0.20095051],\n",
       "       [ 0.88128828,  0.03476843,  0.86927836],\n",
       "       [ 0.25404659,  0.71936492,  0.15426431],\n",
       "       [ 0.50621632,  0.39632506,  0.34123452],\n",
       "       [ 0.72235809,  0.88374393,  0.11119757],\n",
       "       [ 0.29001554,  0.03431246,  0.0144334 ],\n",
       "       [ 0.29174005,  0.93661227,  0.59985265],\n",
       "       [ 0.16705081,  0.27513733,  0.7685815 ],\n",
       "       [ 0.10088671,  0.45406179,  0.91809584],\n",
       "       [ 0.90543524,  0.82141341,  0.69015347],\n",
       "       [ 0.56896216,  0.25376531,  0.32614188],\n",
       "       [ 0.00460879,  0.91855312,  0.40143812],\n",
       "       [ 0.98441157,  0.19448972,  0.10943001],\n",
       "       [ 0.31127469,  0.6839534 ,  0.16203357],\n",
       "       [ 0.35176148,  0.7384236 ,  0.22708077],\n",
       "       [ 0.77955507,  0.87059492,  0.7351044 ],\n",
       "       [ 0.68103985,  0.71805179,  0.37764711],\n",
       "       [ 0.43045731,  0.96843039,  0.38959917],\n",
       "       [ 0.25966478,  0.34378521,  0.05943362],\n",
       "       [ 0.06466902,  0.56837784,  0.00357393],\n",
       "       [ 0.61802685,  0.76877848,  0.54663478],\n",
       "       [ 0.66249382,  0.68322355,  0.04823842],\n",
       "       [ 0.67241343,  0.76562724,  0.07955598],\n",
       "       [ 0.38808389,  0.37892312,  0.66986057],\n",
       "       [ 0.52263995,  0.38352488,  0.03382124],\n",
       "       [ 0.97981927,  0.52666675,  0.08369657],\n",
       "       [ 0.103898  ,  0.78073581,  0.40014681],\n",
       "       [ 0.33162861,  0.35486525,  0.02472028],\n",
       "       [ 0.1191151 ,  0.26418463,  0.93157173],\n",
       "       [ 0.11252897,  0.00191878,  0.81519371],\n",
       "       [ 0.23162894,  0.82211867,  0.48404138],\n",
       "       [ 0.30961284,  0.80376261,  0.2978424 ],\n",
       "       [ 0.93723271,  0.17112199,  0.31362547],\n",
       "       [ 0.58930998,  0.66763588,  0.70728159],\n",
       "       [ 0.0441457 ,  0.9860204 ,  0.46641158],\n",
       "       [ 0.1450832 ,  0.60771462,  0.48614238],\n",
       "       [ 0.13814857,  0.7226909 ,  0.69001258],\n",
       "       [ 0.99237433,  0.99017353,  0.62369282],\n",
       "       [ 0.82613098,  0.03162258,  0.65146176],\n",
       "       [ 0.79124026,  0.81771726,  0.12818227],\n",
       "       [ 0.6999387 ,  0.22531357,  0.83095662],\n",
       "       [ 0.11140287,  0.43948836,  0.57604243],\n",
       "       [ 0.9016841 ,  0.16016622,  0.57138503],\n",
       "       [ 0.74947402,  0.46020712,  0.6231641 ],\n",
       "       [ 0.35507715,  0.03090599,  0.38153046],\n",
       "       [ 0.94022846,  0.0697287 ,  0.36347703],\n",
       "       [ 0.84984722,  0.09704819,  0.66014863],\n",
       "       [ 0.45278763,  0.57229686,  0.58945594],\n",
       "       [ 0.79686694,  0.44431418,  0.65878321],\n",
       "       [ 0.60557285,  0.20326817,  0.36684902],\n",
       "       [ 0.29044434,  0.08715955,  0.20942275],\n",
       "       [ 0.5917575 ,  0.49808577,  0.56274901],\n",
       "       [ 0.60875663,  0.62411853,  0.14470261],\n",
       "       [ 0.26339027,  0.1379551 ,  0.6175686 ],\n",
       "       [ 0.16532379,  0.63936957,  0.46244254],\n",
       "       [ 0.93982297,  0.06338874,  0.66600137],\n",
       "       [ 0.91412363,  0.64049485,  0.97982086],\n",
       "       [ 0.74430039,  0.47082191,  0.83090631],\n",
       "       [ 0.34584939,  0.22875433,  0.8517901 ],\n",
       "       [ 0.11785415,  0.12637832,  0.43682081],\n",
       "       [ 0.45769179,  0.58989823,  0.97328313],\n",
       "       [ 0.49445685,  0.21162586,  0.80255673],\n",
       "       [ 0.85172472,  0.62778199,  0.2418123 ],\n",
       "       [ 0.03102357,  0.57730066,  0.57540337],\n",
       "       [ 0.49818364,  0.61507355,  0.33947221],\n",
       "       [ 0.84393859,  0.23531518,  0.35565345],\n",
       "       [ 0.97981151,  0.71656637,  0.31461852],\n",
       "       [ 0.86663992,  0.43899982,  0.39793878],\n",
       "       [ 0.49834229,  0.10571509,  0.20283263],\n",
       "       [ 0.99896846,  0.2635349 ,  0.30854684],\n",
       "       [ 0.91913243,  0.55401345,  0.48981034],\n",
       "       [ 0.03601456,  0.50236295,  0.4236869 ],\n",
       "       [ 0.09291698,  0.00305908,  0.89717451],\n",
       "       [ 0.66972527,  0.57814476,  0.26096204],\n",
       "       [ 0.23359054,  0.96586272,  0.23771081],\n",
       "       [ 0.3114353 ,  0.41555717,  0.84318292],\n",
       "       [ 0.87525602,  0.39464895,  0.49321087],\n",
       "       [ 0.10254594,  0.1667478 ,  0.52720556],\n",
       "       [ 0.03592906,  0.97900796,  0.34084651],\n",
       "       [ 0.72502049,  0.03344414,  0.45536113],\n",
       "       [ 0.14177368,  0.15497589,  0.99195823],\n",
       "       [ 0.81596192,  0.25321087,  0.53165119],\n",
       "       [ 0.815842  ,  0.99795887,  0.14170286],\n",
       "       [ 0.51409229,  0.66634196,  0.99679852]])"
      ]
     },
     "execution_count": 18,
     "metadata": {},
     "output_type": "execute_result"
    }
   ],
   "source": [
    "import numpy as np, numpy.random\n",
    "\n",
    "n_portfolio = 100\n",
    "n_asset = 3\n",
    "\n",
    "# generate random matrix\n",
    "rand_matrix = np.random.random((n_portfolio, n_asset))\n",
    "rand_matrix"
   ]
  },
  {
   "cell_type": "code",
   "execution_count": 23,
   "metadata": {
    "collapsed": false
   },
   "outputs": [
    {
     "name": "stdout",
     "output_type": "stream",
     "text": [
      "[[ 0.4549533   0.26757665  0.27747005]\n",
      " [ 0.11272453  0.13216714  0.75510832]\n",
      " [ 0.43421787  0.46396801  0.10181412]\n",
      " [ 0.34077374  0.06450848  0.59471778]\n",
      " [ 0.62930643  0.15711391  0.21357967]\n",
      " [ 0.47101505  0.03300335  0.4959816 ]\n",
      " [ 0.42126508  0.38825774  0.19047718]\n",
      " [ 0.31727612  0.36706661  0.31565727]\n",
      " [ 0.4437884   0.40347131  0.15274028]\n",
      " [ 0.43146052  0.53117173  0.03736775]\n",
      " [ 0.16475531  0.7241123   0.11113238]\n",
      " [ 0.03701796  0.45444479  0.50853725]\n",
      " [ 0.05913847  0.43512285  0.50573868]\n",
      " [ 0.0159374   0.1637734   0.8202892 ]\n",
      " [ 0.39309084  0.38637489  0.22053427]\n",
      " [ 0.01744319  0.36788759  0.61466921]\n",
      " [ 0.31503518  0.5214923   0.16347252]\n",
      " [ 0.49362626  0.01947446  0.48689928]\n",
      " [ 0.22528335  0.63791819  0.13679845]\n",
      " [ 0.40699962  0.31864668  0.2743537 ]\n",
      " [ 0.42063604  0.51461255  0.06475141]\n",
      " [ 0.85610562  0.10128799  0.04260639]\n",
      " [ 0.15957732  0.51231251  0.32811018]\n",
      " [ 0.13797076  0.22724169  0.63478755]\n",
      " [ 0.06848858  0.3082472   0.62326423]\n",
      " [ 0.37461086  0.33984803  0.28554111]\n",
      " [ 0.49523661  0.22088265  0.28388074]\n",
      " [ 0.00347938  0.69345697  0.30306365]\n",
      " [ 0.76409816  0.1509625   0.08493934]\n",
      " [ 0.2689752   0.59101016  0.14001463]\n",
      " [ 0.26703909  0.56057295  0.17238796]\n",
      " [ 0.32682261  0.36499039  0.308187  ]\n",
      " [ 0.38330894  0.40414033  0.21255073]\n",
      " [ 0.2406824   0.54148029  0.21783731]\n",
      " [ 0.39172002  0.51862077  0.08965921]\n",
      " [ 0.10158169  0.8928044   0.00561391]\n",
      " [ 0.31965141  0.39762208  0.28272651]\n",
      " [ 0.47526172  0.49013287  0.03460542]\n",
      " [ 0.44307783  0.50449982  0.05242235]\n",
      " [ 0.27009023  0.26371471  0.46619506]\n",
      " [ 0.55600819  0.40801123  0.03598058]\n",
      " [ 0.61616778  0.33119892  0.05263331]\n",
      " [ 0.08086828  0.60768025  0.31145147]\n",
      " [ 0.46628518  0.49895696  0.03475786]\n",
      " [ 0.09059068  0.2009205   0.70848882]\n",
      " [ 0.12104556  0.002064    0.87689045]\n",
      " [ 0.15062466  0.53461084  0.3147645 ]\n",
      " [ 0.21939408  0.56955247  0.21105345]\n",
      " [ 0.65910393  0.12034063  0.22055545]\n",
      " [ 0.30002125  0.33989744  0.36008131]\n",
      " [ 0.02949776  0.65885013  0.31165211]\n",
      " [ 0.11710266  0.49051167  0.39238567]\n",
      " [ 0.08907914  0.46599603  0.44492483]\n",
      " [ 0.38076849  0.37992406  0.23930745]\n",
      " [ 0.54739106  0.020953    0.43165594]\n",
      " [ 0.4554845   0.47072623  0.07378927]\n",
      " [ 0.39855094  0.12829543  0.47315363]\n",
      " [ 0.09885486  0.38998601  0.51115913]\n",
      " [ 0.55208461  0.09806683  0.34984855]\n",
      " [ 0.40891288  0.25108891  0.33999821]\n",
      " [ 0.46263304  0.04026767  0.49709929]\n",
      " [ 0.6845821   0.05076959  0.2646483 ]\n",
      " [ 0.52882634  0.06038926  0.41078441]\n",
      " [ 0.28044366  0.35446425  0.36509209]\n",
      " [ 0.41941153  0.23385396  0.34673451]\n",
      " [ 0.51507866  0.17289266  0.31202869]\n",
      " [ 0.49477199  0.14847632  0.35675169]\n",
      " [ 0.35807834  0.30139665  0.34052501]\n",
      " [ 0.44190364  0.45305502  0.10504133]\n",
      " [ 0.25850099  0.13539426  0.60610475]\n",
      " [ 0.13047045  0.50457853  0.36495102]\n",
      " [ 0.56303355  0.03797522  0.39899122]\n",
      " [ 0.36068081  0.25271658  0.38660261]\n",
      " [ 0.3637781   0.23011502  0.40610689]\n",
      " [ 0.24246417  0.16037249  0.59716334]\n",
      " [ 0.17304688  0.18556305  0.64139007]\n",
      " [ 0.2264822   0.29190265  0.48161515]\n",
      " [ 0.32775018  0.14027597  0.53197385]\n",
      " [ 0.49480934  0.36470985  0.14048082]\n",
      " [ 0.02620837  0.48769722  0.48609441]\n",
      " [ 0.34292941  0.42339169  0.2336789 ]\n",
      " [ 0.58814854  0.16399331  0.24785815]\n",
      " [ 0.48722688  0.35632405  0.15644907]\n",
      " [ 0.50871733  0.25769274  0.23358993]\n",
      " [ 0.6176087   0.13101549  0.25137581]\n",
      " [ 0.6358603   0.16774442  0.19639528]\n",
      " [ 0.46823888  0.28223424  0.24952688]\n",
      " [ 0.03743466  0.52217185  0.44039349]\n",
      " [ 0.0935578   0.00308018  0.90336203]\n",
      " [ 0.44386999  0.3831737   0.17295632]\n",
      " [ 0.16253575  0.67206156  0.16540269]\n",
      " [ 0.19834428  0.26465653  0.5369992 ]\n",
      " [ 0.4964257   0.22383609  0.27973821]\n",
      " [ 0.1287458   0.20935084  0.66190335]\n",
      " [ 0.02650059  0.72209755  0.25140186]\n",
      " [ 0.59730195  0.02755267  0.37514538]\n",
      " [ 0.11001228  0.12025681  0.76973091]\n",
      " [ 0.5097137   0.15817533  0.33211096]\n",
      " [ 0.41720299  0.5103334   0.07246361]\n",
      " [ 0.23612188  0.30604994  0.45782818]]\n"
     ]
    }
   ],
   "source": [
    "# create 100 portfolios\n",
    "portfolio = np.zeros((n_portfolio, n_asset))\n",
    "i = 0\n",
    "for row in rand_matrix:\n",
    "    row_sum = np.sum(row)\n",
    "    j = 0\n",
    "    for col in row:\n",
    "        portfolio[i][j] = col/row_sum\n",
    "        j += 1\n",
    "    i += 1\n",
    "print portfolio"
   ]
  },
  {
   "cell_type": "code",
   "execution_count": 29,
   "metadata": {
    "collapsed": false
   },
   "outputs": [
    {
     "name": "stdout",
     "output_type": "stream",
     "text": [
      "[ 0.14063117  0.15097213  0.15148751  0.13618674  0.12639037  0.12809942\n",
      "  0.14834963  0.15248952  0.14798415  0.15498556  0.17796785  0.17087134\n",
      "  0.16879922  0.1573918   0.1496642   0.16752222  0.16032286  0.12629241\n",
      "  0.17063174  0.14558235  0.15469883  0.11225912  0.16763676  0.15446355\n",
      "  0.16198793  0.14826186  0.1362823   0.18449888  0.11934322  0.16610175\n",
      "  0.16467669  0.15190839  0.15104157  0.16503989  0.15634504  0.18956114\n",
      "  0.15389853  0.15074356  0.1530711   0.14968122  0.14260015  0.13575156\n",
      "  0.1763406   0.15163359  0.15551649  0.14405092  0.16919931  0.16750792\n",
      "  0.12306184  0.15199381  0.18146762  0.16867045  0.16884584  0.14995778\n",
      "  0.1236781   0.15076209  0.13648722  0.16455656  0.12729911  0.1421088\n",
      "  0.12888173  0.11830937  0.12657815  0.15370103  0.14072212  0.1328907\n",
      "  0.13268522  0.14716592  0.15055757  0.14384466  0.1687054   0.12374708\n",
      "  0.14460179  0.14331685  0.14589542  0.15062581  0.15327102  0.14062629\n",
      "  0.14349503  0.17307444  0.15402311  0.12879224  0.14345486  0.13744877\n",
      "  0.12567034  0.12659421  0.14069977  0.17423686  0.14547612  0.14696519\n",
      "  0.17547629  0.15331561  0.13637052  0.15403025  0.18477985  0.12151254\n",
      "  0.15051223  0.13242308  0.15465652  0.1534964 ]\n"
     ]
    }
   ],
   "source": [
    "assets = [0.1, 0.2, 0.15]\n",
    "# find expected return of each portfolio\n",
    "E = np.dot(portfolio, assets)\n",
    "print E"
   ]
  },
  {
   "cell_type": "code",
   "execution_count": 31,
   "metadata": {
    "collapsed": false
   },
   "outputs": [
    {
     "ename": "SyntaxError",
     "evalue": "invalid syntax (<ipython-input-31-4060ad034a47>, line 2)",
     "output_type": "error",
     "traceback": [
      "\u001b[0;36m  File \u001b[0;32m\"<ipython-input-31-4060ad034a47>\"\u001b[0;36m, line \u001b[0;32m2\u001b[0m\n\u001b[0;31m    C = [[0.005 -0.01 0.004]\u001b[0m\n\u001b[0m                          ^\u001b[0m\n\u001b[0;31mSyntaxError\u001b[0m\u001b[0;31m:\u001b[0m invalid syntax\n"
     ]
    }
   ],
   "source": [
    "# covariance\n",
    "C = [[0.005 -0.01 0.004]\n",
    "     [-0.01 0.04 -0.002]\n",
    "     [0.004 -0.002 0.023]]\n",
    "print C"
   ]
  },
  {
   "cell_type": "code",
   "execution_count": null,
   "metadata": {
    "collapsed": true
   },
   "outputs": [],
   "source": []
  }
 ],
 "metadata": {
  "kernelspec": {
   "display_name": "Python 2",
   "language": "python",
   "name": "python2"
  },
  "language_info": {
   "codemirror_mode": {
    "name": "ipython",
    "version": 2
   },
   "file_extension": ".py",
   "mimetype": "text/x-python",
   "name": "python",
   "nbconvert_exporter": "python",
   "pygments_lexer": "ipython2",
   "version": "2.7.13"
  }
 },
 "nbformat": 4,
 "nbformat_minor": 2
}
